H2O               CODATA 1989. JRNBS 1987 v92 p35. TRC tuv-25 10/88.
 2 g 8/89 H   2.00O   1.00    0.00    0.00    0.00 0   18.0152800    -241826.000
    200.000  1000.000 7 -2.0 -1.0  0.0  1.0  2.0  3.0  4.0  0.0         9904.092
-3.947960830E+04 5.755731020E+02 9.317826530E-01 7.222712860E-03-7.342557370E-06
 4.955043490E-09-1.336933246E-12 0.000000000E+00-3.303974310E+04 1.724205775E+01
   1000.000  6000.000 7 -2.0 -1.0  0.0  1.0  2.0  3.0  4.0  0.0         9904.092
 1.034972096E+06-2.412698562E+03 4.646110780E+00 2.291998307E-03-6.836830480E-07
 9.426468930E-11-4.822380530E-15 0.000000000E+00-1.384286509E+04-7.978148510E+00

O2                TPIS 1989 v1 pt1 p94; pt2 p9.                                 
 3 tpis89 O   2.00    0.00    0.00    0.00    0.00 0   31.9988000          0.000
    200.000   1000.0007 -2.0 -1.0  0.0  1.0  2.0  3.0  4.0  0.0         8680.104
-3.425563420E+04 4.847000970E+02 1.119010961E+00 4.293889240E-03-6.836300520E-07
-2.023372700E-09 1.039040018E-12                -3.391454870E+03 1.849699470E+01
   1000.000   6000.0007 -2.0 -1.0  0.0  1.0  2.0  3.0  4.0  0.0         8680.104
-1.037939022E+06 2.344830282E+03 1.819732036E+00 1.267847582E-03-2.188067988E-07
 2.053719572E-11-8.193467050E-16                -1.689010929E+04 1.738716506E+01
   6000.000  20000.0007 -2.0 -1.0  0.0  1.0  2.0  3.0  4.0  0.0         8680.104
 4.975294300E+08-2.866106874E+05 6.690352250E+01-6.169959020E-03 3.016396027E-07
-7.421416600E-12 7.278175770E-17                 2.293554027E+06-5.530621610E+02

H2                Hydrogen. TPIS, v1, pt2, 1978, pp31-32.                       
 3 tpis78 H   2.00    0.00    0.00    0.00    0.00 0    2.0158800          0.000
    200.000   1000.0007 -2.0 -1.0  0.0  1.0  2.0  3.0  4.0  0.0         8468.102
 4.078322810E+04-8.009185450E+02 8.214701670E+00-1.269714360E-02 1.753604930E-05
-1.202860160E-08 3.368093160E-12                 2.682484380E+03-3.043788660E+01
   1000.000   6000.0007 -2.0 -1.0  0.0  1.0  2.0  3.0  4.0  0.0         8468.102
 5.608123380E+05-8.371491340E+02 2.975363040E+00 1.252249930E-03-3.740718420E-07
 5.936628250E-11-3.606995730E-15                 5.339815850E+03-2.202764050E+00
   6000.000  20000.0007 -2.0 -1.0  0.0  1.0  2.0  3.0  4.0  0.0         8468.102
 4.966716130E+08-3.147448120E+05 7.983887500E+01-8.414504190E-03 4.753060440E-07
-1.371809730E-11 1.605374600E-16                 2.488354660E+06-6.695524190E+02

OH                TPIS 1978 pt1 p110; pt2 p37.                            
 3 tpis78 O   1.00H   1.00    0.00    0.00    0.00 0   17.0073400      39344.106
    200.000  1000.000 7 -2.0 -1.0  0.0  1.0  2.0  3.0  4.0  0.0         8813.106
-1.998858990E+03 9.300136160E+01 3.050854229E+00 1.529529288E-03-3.157890998E-06
 3.315446180E-09-1.138762683E-12 0.000000000E+00 3.239683480E+03 4.674110790E+00
   1000.000  6000.000 7 -2.0 -1.0  0.0  1.0  2.0  3.0  4.0  0.0         8813.106
 1.017393379E+06-2.509957276E+03 5.116547860E+00 1.305299930E-04-8.284322260E-08
 2.006475941E-11-1.556993656E-15 0.000000000E+00 2.044487130E+04-1.101282337E+01
   6000.000 20000.000 7 -2.0 -1.0  0.0  1.0  2.0  3.0  4.0  0.0         8813.106
 2.847234193E+08-1.859532612E+05 5.008240900E+01-5.142374980E-03 2.875536589E-07
-8.228817960E-12 9.567229020E-17 0.000000000E+00 1.468642377E+06-4.023555580E+02

O                 D0(O2):CJP v32 1954 p110. Spec:NSRDS-NBS 3 sect 1976.         
 3 g 5/97 O   1.00    0.00    0.00    0.00    0.00 0   15.9994000     249175.003
    200.000   1000.0007 -2.0 -1.0  0.0  1.0  2.0  3.0  4.0  0.0         6725.403
-7.953611300E+03 1.607177787E+02 1.966226438E+00 1.013670310E-03-1.110415423E-06
 6.517507500E-10-1.584779251E-13                 2.840362437E+04 8.404241820E+00
   1000.000   6000.0007 -2.0 -1.0  0.0  1.0  2.0  3.0  4.0  0.0         6725.403
 2.619020262E+05-7.298722030E+02 3.317177270E+00-4.281334360E-04 1.036104594E-07
-9.438304330E-12 2.725038297E-16                 3.392428060E+04-6.679585350E-01
   6000.000  20000.0007 -2.0 -1.0  0.0  1.0  2.0  3.0  4.0  0.0         6725.403
 1.779004264E+08-1.082328257E+05 2.810778365E+01-2.975232262E-03 1.854997534E-07
-5.796231540E-12 7.191720164E-17                 8.890942630E+05-2.181728151E+02

H                 D0(H2):JMolSpc,v33 1970 p147. NSRDS-NBS 3 SEC 6 1972.         
 3 g 6/97 H   1.00    0.00    0.00    0.00    0.00 0    1.0079400     217998.828
    200.000   1000.0007 -2.0 -1.0  0.0  1.0  2.0  3.0  4.0  0.0         6197.428
 0.000000000E+00 0.000000000E+00 2.500000000E+00 0.000000000E+00 0.000000000E+00
 0.000000000E+00 0.000000000E+00                 2.547370801E+04-4.466828530E-01
   1000.000   6000.0007 -2.0 -1.0  0.0  1.0  2.0  3.0  4.0  0.0         6197.428
 6.078774250E+01-1.819354417E-01 2.500211817E+00-1.226512864E-07 3.732876330E-11
-5.687744560E-15 3.410210197E-19                 2.547486398E+04-4.481917770E-01
   6000.000  20000.0007 -2.0 -1.0  0.0  1.0  2.0  3.0  4.0  0.0         6197.428
 2.173757694E+08-1.312035403E+05 3.399174200E+01-3.813999680E-03 2.432854837E-07
-7.694275540E-12 9.644105630E-17                 1.067638086E+06-2.742301051E+02

HO2               Hills JCP 1984 v81 p4458. Jacox JPCRD 1988 v17 p303.          
 2 g 5/99 H   1.00O   2.00    0.00    0.00    0.00 0   33.0067400      12552.000
    200.000   1000.0007 -2.0 -1.0  0.0  1.0  2.0  3.0  4.0  0.0        10002.162
-7.598882540E+04 1.329383918E+03-4.677388240E+00 2.508308202E-02-3.006551588E-05
 1.895600056E-08-4.828567390E-12                -5.809366430E+03 5.193602140E+01
   1000.000   6000.0007 -2.0 -1.0  0.0  1.0  2.0  3.0  4.0  0.0        10002.162
-1.810669724E+06 4.963192030E+03-1.039498992E+00 4.560148530E-03-1.061859447E-06
 1.144567878E-10-4.763064160E-15                -3.194418740E+04 4.066850920E+01

H2O2              Cons:TPIS 1978 v1 pt1 p121.Hf:TPIS 1989 v1 pt1 p127.        
 2 g 6/99 H   2.00O   2.00    0.00    0.00    0.00 0   34.0146800    -135880.000
    200.000  1000.000 7 -2.0 -1.0  0.0  1.0  2.0  3.0  4.0  0.0        11158.835
-9.279533580E+04 1.564748385E+03-5.976460140E+00 3.270744520E-02-3.932193260E-05
 2.509255235E-08-6.465045290E-12 0.000000000E+00-2.494004728E+04 5.877174180E+01
   1000.000  6000.000 7 -2.0 -1.0  0.0  1.0  2.0  3.0  4.0  0.0        11158.835
 1.489428027E+06-5.170821780E+03 1.128204970E+01-8.042397790E-05-1.818383769E-08
 6.947265590E-12-4.827831900E-16 0.000000000E+00 1.418251038E+04-4.650855660E+01

 N2                TPIS 1978 v1 pt2 p207.                                        
 3 tpis78 N   2.00    0.00    0.00    0.00    0.00 0   28.0134800          0.000
    200.000   1000.0007 -2.0 -1.0  0.0  1.0  2.0  3.0  4.0  0.0         8670.104
 2.210371497E+04-3.818461820E+02 6.082738360E+00-8.530914410E-03 1.384646189E-05
-9.625793620E-09 2.519705809E-12                 7.108460860E+02-1.076003316E+01
   1000.000   6000.0007 -2.0 -1.0  0.0  1.0  2.0  3.0  4.0  0.0         8670.104
 5.877124060E+05-2.239249073E+03 6.066949220E+00-6.139685500E-04 1.491806679E-07
-1.923105485E-11 1.061954386E-15                 1.283210415E+04-1.586639599E+01

CH4               Cons & Hf298: TPIS v2,pt1,1991.                               
 2 g 8/88 C   1.00H   4.00    0.00    0.00    0.00 0   16.0424600     -74600.000
    200.000   1000.0007 -2.0 -1.0  0.0  1.0  2.0  3.0  4.0  0.0        10016.198
-1.766545730E+05 2.785477820E+03-1.201935470E+01 3.914625880E-02-3.611656080E-05
 2.018387940E-08-4.955772150E-12                -2.331011560E+04 8.901075390E+01
   1000.000   6000.0007 -2.0 -1.0  0.0  1.0  2.0  3.0  4.0  0.0        10016.198
 3.746265700E+06-1.388851340E+04 2.054029820E+01-1.944196930E-03 4.323871450E-07
-4.061012780E-11 1.643159270E-15                 7.565988680E+04-1.222977672E+02

CO2               Props & Hf298: TPIS v2,pt1,1991,p27.                          
 3 g 7/88 C   1.00O   2.00    0.00    0.00    0.00 0   44.0095000    -393510.000
    200.000   1000.0007 -2.0 -1.0  0.0  1.0  2.0  3.0  4.0  0.0         9365.469
 4.943783640E+04-6.264292080E+02 5.301813360E+00 2.503600571E-03-2.124700099E-07
-7.691486800E-10 2.849979913E-13                -4.528189860E+04-7.048790100E+00
   1000.000   6000.0007 -2.0 -1.0  0.0  1.0  2.0  3.0  4.0  0.0         9365.469
 1.176969434E+05-1.788801467E+03 8.291543530E+00-9.224778310E-05 4.869635410E-09
-1.892063841E-12 6.330675090E-16                -3.908345010E+04-2.652683962E+01

CO                Props & Hf298: TPIS vo2,pt2,1979,p29.                         
 3 tpis79 C   1.00O   1.00    0.00    0.00    0.00 0   28.0101000    -110530.000
    200.000   1000.0007 -2.0 -1.0  0.0  1.0  2.0  3.0  4.0  0.0         8671.000
 1.489027557E+04-2.922250947E+02 5.724458410E+00-8.176136940E-03 1.456885983E-05
-1.087733246E-08 3.027905485E-12                -1.303069697E+04-7.859179282E+00
   1000.000   6000.0007 -2.0 -1.0  0.0  1.0  2.0  3.0  4.0  0.0         8671.000
 4.619158560E+05-1.944685748E+03 5.916647090E+00-5.664234070E-04 1.398802571E-07
-1.787664983E-11 9.620850400E-16                -2.465738441E+03-1.387402604E+01

NO                Gurvich,1978,1989 pt1 p326 pt2 p203.                          
 3 tpis89 N   1.00O   1.00    0.00    0.00    0.00 0   30.0061000      91271.310
    200.000   1000.0007 -2.0 -1.0  0.0  1.0  2.0  3.0  4.0  0.0         9179.110
-1.143916503E+04 1.536467592E+02 3.431468730E+00-2.668592368E-03 8.481399120E-06
-7.685111050E-09 2.386797655E-12                 9.098214410E+03 6.728725490E+00
   1000.000   6000.0007 -2.0 -1.0  0.0  1.0  2.0  3.0  4.0  0.0         9179.110
 2.239018716E+05-1.289651623E+03 5.433936030E+00-3.656034900E-04 9.880966450E-08
-1.416076856E-11 9.380184620E-16                 1.750317656E+04-8.501669090E+00

Ar                Ref-Elm. Moore,1971. Gordon,1999.                             
 3 g 3/98 AR  1.00    0.00    0.00    0.00    0.00 0   39.9480000          0.000
    200.000   1000.0007 -2.0 -1.0  0.0  1.0  2.0  3.0  4.0  0.0         6197.428
 0.000000000E+00 0.000000000E+00 2.500000000E+00 0.000000000E+00 0.000000000E+00
 0.000000000E+00 0.000000000E+00                -7.453750000E+02 4.379674910E+00
   1000.000   6000.0007 -2.0 -1.0  0.0  1.0  2.0  3.0  4.0  0.0         6197.428
 2.010538475E+01-5.992661070E-02 2.500069401E+00-3.992141160E-08 1.205272140E-11
-1.819015576E-15 1.078576636E-19                -7.449939610E+02 4.379180110E+00